 NumElements 1000
,650
-
,492
,292
,713
,140
,452
-
,492
,109
-
,133
,439
,426
-
,723
,142
,622
,899
,518
,450
,439
,31
,771
,411
,375
,62
,848
-
,770
,947
,272
,464
,878
,34
,116
,649
,264
,90
,722
,709
,419
,26
-
,18
,377
,285
,41
,383
,402
-
,37
,175
,379
-
,23
,4
,369
,518
,543
-
,613
-
,222
,10
,281
-
,521
,28
,292
,521
,713
,855
,816
,127
-
,894
,23
,480
-
,137
,649
,530
,294
,338
,29
,566
,188
,713
-
,123
-
-
,403
,95
,139
,225
,528
,702
,194
-
,359
,343
,287
,171
,425
-
,124
,86
,572
,641
,983
,388
,115
,130
,760
,615
,127
,294
,204
,104
-
,81
,415
,591
,597
-
,639
,252
,126
,423
,348
,838
,6
-
,81
,68
,125
,421
,512
,99
,17
,682
,94
-
,140
,453
,903
,22
-
,800
,117
,482
-
,109
,130
,403
-
,511
,66
-
,78
,178
,442
,560
,453
-
,388
,699
-
,360
-
,39
,10
-
,532
-
,99
,511
,112
,63
,568
,425
,107
,248
,273
,436
,583
,604
,6
,32
-
,104
,323
,222
,878
,284
,597
,99
,232
,475
,510
,68
,295
,572
,593
,184
,423
,137
,338
,607
-
,699
,136
,740
-
,504
,894
,132
-
-
,881
,379
,555
-
,140
,59
,18
,423
,697
,379
,165
,453
,14
,119
,945
,845
,111
,133
,324
,122
,361
,104
-
,65
-
,123
,317
,678
,281
,79
,480
,21
-
,613
-
,218
-
,382
-
,85
,204
,100
,263
,402
,740
,403
,189
,601
-
,122
,350
,368
,219
,292
,188
-
,639
,24
,504
,532
,58
,864
,248
,109
,528
,34
,349
,548
,379
,185
,555
,85
-
,158
,871
,904
,96
,149
,55
,171
,656
,279
,137
,383
,432
,613
,44
-
,28
-
-
,59
,194
,298
,566
,252
,94
,366
,323
,803
,740
,478
,965
,295
,26
-
,909
,649
,566
,532
,560
,64
-
,426
,198
,551
,604
,760
-
,2
,148
-
,388
,8
,633
,286
,130
,310
,488
-
,128
,104
-
,252
,366
,87
,965
,228
,256
,881
-
,256
,521
,224
,803
,3
,289
,682
,552
,51
,5
,60
,185
,85
,235
,358
,894
-
,565
,49
,610
,42
,72
,452
,15
,73
,350
,493
,187
,59
-
,104
-
,260
,383
,88
,451
,935
,493
,699
,28
,198
,618
,96
,369
-
,426
,133
-
-
,87
,633
,292
-
,748
,349
,242
,734
,419
,565
,126
,23
-
-
,919
,529
,53
,278
,125
,437
,224
-
,121
,452
,358
,120
,503
,127
,439
,23
,432
,539
,566
,690
,25
,869
,388
,41
,803
,49
,495
,495
,864
,9
-
,77
,490
,415
-
,651
,530
,67
,966
-
-
,583
,184
,436
,375
,195
,572
,159
,292
,899
,184
,849
,107
,383
,403
,268
,591
,909
,249
,19
,178
,909
,403
-
,613
-
,382
-
,323
,96
,200
,127
,849
,369
,238
,180
,89
,252
,205
,566
,903
,22
,312
,219
,278
,452
,56
,764
-
,415
,123
,702
,77
,881
-
,17
,287
,161
,572
,324
,23
,273
,82
,264
,83
,473
,452
-
-
-
-
,983
-
,451
,272
,298
,725
,252
,410
,37
,94
,642
,104
,224
,19
,31
,115
,184
,947
,586
,417
,56
,368
-
,770
,160
,273
,225
,838
,464
,259
,713
,195
,232
,323
,122
,504
,464
,349
,533
-
,94
-
,269
,324
-
,151
-
,592
,201
,174
,85
,26
,72
,259
,650
,439
,97
,630
,792
,864
,294
,734
,84
,137
,583
,318
,32
,442
,360
,488
,334
,134
,645
,112
,80
,91
,193
-
,615
,971
,14
,586
,298
,131
,542
,25
-
,768
,971
-
-
,971
,140
,28
,180
,104
,112
,656
,391
,28
,357
,104
,87
,214
,558
,357
,279
,114
,860
,41
,442
,423
-
,351
,369
,170
,178
,290
,871
,800
,493
,124
,173
,317
,415
,40
,442
,904
,607
,327
,816
,388
,165
,281
,114
,126
-
,80
,85
,473
,114
,25
,53
,198
-
,417
-
,623
,150
,173
,548
,971
,40
,482
,490
,188
-
,632
,456
,464
,73
,412
,73
,383
,415
,36
,179
,411
,8
,66
,835
,404
,504
-
,46
,748
,23
,403
,317
,792
,79
,450
,966
,224
,53
,170
,329
-
,126
,86
,20
,138
,439
,284
,392
,256
,37
,678
-
-
,178
,375
-
,475
,364
,478
,622
-
,327
,385
,334
,107
,298
,40
,388
,881
,109
,180
,62
,2
,409
,89
,899
,51
,137
,645
,604
,160
,144
,478
,238
,348
,360
-
,441
,409
-
,417
,115
,317
,966
,748
,95
,123
,803
-
,81
,610
,131
,126
,32
-
,232
,162
,256
-
,770
,99
,195
,281
-
,597
,597
,351
,20
,379
,929
,362
,871
-
,314
,760
,117
,294
,518
,488
,768
-
,267
,42
,729
,68
,591
,722
,919
,545
-
,452
-
,46
-
,682
,285
,530
,618
,97
,372
,855
,478
-
,125
,369
,78
,434
,511
,126
,419
-
,91
,532
,195
-
,768
-
-
,183
,568
,364
,295
-
,286
,89
-
,12
,539
,432
,927
,642
-
,314
,358
,99
,69
,219
,702
,139
,151
,314
,64
,532
,74
,490
,29
,116
,225
,869
,869
,550
,278
,482
,111
,396
,22
,107
,139
,79
-
,317
,97
,22
,441
,873
,4
-
,349
,141
,238
-
,334
,67
,583
,286
,222
,421
,170
,256
,734
,62
,44
-
,725
,419
,317
,597
,297
,690
,193
-
,41
,124
-
,226
,312
,155
,878
,504
,613
,49
,358
,713
,312
-
,279
,67
,528
,551
,690
,630
,299
,835
-
,645
,150
,439
,329
,645
,871
,278
,530
,623
,349
,929
,133
,816
,120
,633
,290
,64
,935
-
,78
,36
,478
,310
,966
,618
,294
,193
,452
,112
-
,10
,193
,566
,482
,125
,638
,450
,13
,528
,317
,604
,131
,771
,92
,224
,215
,391
,215
,478
,4
,98
-
,450
